76561198148340675
76561198940905162
76561198027251601
76561198272127728
76561198166790786
76561198147750016
76561199028998136
76561198321460807
76561198093425402
76561198874505138
76561198869181069
76561198357623935
76561198353548103
76561198077831716
76561199033092402
76561198152302843
76561199150418992
76561198139640764
76561198835612410
76561198441418590
76561198971404062
76561199147812131
76561198023216974
76561198113403795
76561198063633171
76561198049223151
76561198032325023
76561198216020804
76561199042325917
76561199256029792
76561198208191657
76561198153780724
76561199176751179
76561198204726655
76561199104789533
76561198061681169
76561199007989536
76561199042160894
76561199777600299
76561199511186918
76561198196549457
76561199145377810
76561199068433870
76561198160055980
76561198035324976
76561199536272133
76561199473886936
76561198310394256
76561198320875711
76561198202427041
76561199081045220
76561197999940925
76561198071457145
76561198453916625
76561199196528512
76561199074685244
76561198232078312
76561198263153229
76561198162427970
76561198426192907
76561198336756412
76561199003774296
76561199066825309
76561198365427206
76561198329141267
76561197987161083
76561198119192858
76561199311846908
76561198030831887
76561198193560814
76561199081006639
76561198115853616
76561199102056375
76561198115303111
76561198846675666
76561199708848705
76561198346909724
76561198814621184
76561198438930922
76561199114120462
76561198102989356
76561198876181593
76561198263706812
76561198047340624
76561198065681641
76561198180833697
76561198821934022
76561197998377225
76561199445613426
76561198306275801
76561198091351572
76561198816349109
76561198002661251
76561198119451970
76561198969061802
76561198254857629
76561198067593262
76561198200809466
76561198272145632
76561198048133632
76561198066601582
76561198109120568
76561198091672251
76561198012456762
76561198012987443
76561198137137187
76561199276706488
76561198367477866
76561198079782030
76561198201512115
76561199830445757
76561199260695159
76561198043144287
76561199125927074
76561198164481817
76561198432824892
76561198100219889
76561198133419947
76561198089718438
76561198297847200
76561199652156385
76561198176453193
76561198867369818
76561198025026158
76561198878640035
76561198062026451
76561198178311593
76561199378557502
76561199176512752
76561199535662795
76561199824872486
76561199367677477
76561198354377205
76561198179083101
76561199506997999
76561198865209652
76561198876205013
76561199196691486
76561198200116483
76561198869552986
76561198352436430
76561198195741614
76561198880388871
76561199555667863
76561199034835090
